20121000921   罗云迪   86   90   75   
20121001121   田甜   95   85   87   
20121001248   王如男   90   89   94   
20121001316   邵叶飞   80   84   86   
20121001375   周晨曦   87   86   90   
20121001842   尹笛露   100   100   100   
20121002002   刘宇坤   88   86   99   
20121002152   尹然宇   82   90   88   
20121002162   孙史磊   80   94   80   
20121002269   陈云锅   83   95   85   
20121002321   于文涛   88   90   86   
20121002439   景揭俊   85   92   85   
20121002585   戴贤铎   88   86   78   
20121002685   曹厚臻   90   87   90   
20121002775   马晴   93   85   90   
20121003127   冯泽宇   80   89   75   
20121003358   肖寒   88   90   90   
20121003359   张赓   87   95   84   
20121003398   刘剑峰   88   84   86   
20121003399   龚方怡   90   93   96   
20121004233   贾国栋   88   90   86   
20121004415   孙一卓   86   95   90   
20221001081   罗泽杭   100   100   100   
20221001080   李四   95   95   95   
20121004416   张三   20   20   20   
20121004417   王五   65   20   20   
20121004418   赵六   75   20   20   
20121004419   孙七   50   50   50   
